[gd_scene load_steps=13 format=3 uid="uid://cqkdm4hdxruv1"]

[ext_resource type="Texture2D" uid="uid://c8arnlq67qi7" path="res://assets/textures/grids/Dark/texture_05.png" id="1_f7lrx"]
[ext_resource type="Texture2D" uid="uid://b58xv1joypxo5" path="res://assets/textures/grids/Orange/texture_09.png" id="2_gjggb"]
[ext_resource type="Texture2D" uid="uid://cm5m7nr7dugjd" path="res://assets/textures/grids/Purple/texture_09.png" id="3_ony64"]
[ext_resource type="Texture2D" uid="uid://djg8y25y06h5n" path="res://assets/textures/grids/Green/texture_09.png" id="4_e7al8"]
[ext_resource type="PackedScene" uid="uid://dwete7swex5na" path="res://scenes/player.tscn" id="5_tbgi4"]

[sub_resource type="ProceduralSkyMaterial" id="ProceduralSkyMaterial_avrjv"]
sky_horizon_color = Color(0.64625, 0.65575, 0.67075, 1)
ground_horizon_color = Color(0.64625, 0.65575, 0.67075, 1)

[sub_resource type="Sky" id="Sky_1teob"]
sky_material = SubResource("ProceduralSkyMaterial_avrjv")

[sub_resource type="Environment" id="Environment_5l1uu"]
background_mode = 2
sky = SubResource("Sky_1teob")
tonemap_mode = 2
sdfgi_enabled = true
glow_enabled = true
fog_enabled = true
fog_light_color = Color(1, 1, 1, 1)
fog_density = 0.001

[sub_resource type="StandardMaterial3D" id="StandardMaterial3D_4063c"]
albedo_texture = ExtResource("1_f7lrx")
uv1_triplanar = true

[sub_resource type="StandardMaterial3D" id="StandardMaterial3D_u5kkg"]
albedo_texture = ExtResource("2_gjggb")

[sub_resource type="StandardMaterial3D" id="StandardMaterial3D_attue"]
albedo_texture = ExtResource("3_ony64")
uv1_triplanar = true

[sub_resource type="StandardMaterial3D" id="StandardMaterial3D_tclk5"]
albedo_texture = ExtResource("4_e7al8")

[node name="world" type="Node3D"]

[node name="DirectionalLight3D" type="DirectionalLight3D" parent="."]
transform = Transform3D(-0.866025, -0.433013, 0.25, 0, 0.5, 0.866025, -0.5, 0.75, -0.433013, 0, 0, 0)
shadow_enabled = true

[node name="WorldEnvironment" type="WorldEnvironment" parent="."]
environment = SubResource("Environment_5l1uu")

[node name="map" type="Node3D" parent="."]

[node name="floor" type="CSGBox3D" parent="map"]
transform = Transform3D(1, 0, 0, 0, 1, 0, 0, 0, 1, 0, -0.6, 0)
material_override = SubResource("StandardMaterial3D_4063c")
use_collision = true
size = Vector3(1000, 1, 1000)

[node name="box" type="CSGBox3D" parent="map"]
transform = Transform3D(0.642788, 0, 0.766044, 0, 1, 0, -0.766044, 0, 0.642788, -1.83535, 0.4, -1.02872)
material_override = SubResource("StandardMaterial3D_u5kkg")
use_collision = true

[node name="box2" type="CSGBox3D" parent="map"]
transform = Transform3D(0.642788, 0, 0.766044, 0, 1, 0, -0.766044, 0, 0.642788, 3.57375, 0.9, -5.68178)
material_override = SubResource("StandardMaterial3D_attue")
use_collision = true
size = Vector3(2, 2, 2)

[node name="box3" type="CSGBox3D" parent="map"]
transform = Transform3D(0.642788, 0, 0.766044, 0, 1, 0, -0.766044, 0, 0.642788, 5.3792, 1.4, 4.27287)
material_override = SubResource("StandardMaterial3D_tclk5")
use_collision = true
size = Vector3(3, 3, 3)

[node name="Player" parent="." instance=ExtResource("5_tbgi4")]
transform = Transform3D(1, 0, 0, 0, 1, 0, 0, 0, 1, 0.459668, -0.0982826, -0.845417)
